+-------------------------------------------------------------------------------------------------------------------------------------------------------------------------------------------------------------------------------------------------------------------------------------------------------------------------------------------+
; Legal Partition Candidates                                                                                                                                                                                                                                                                                                                ;
+--------------------------------------------------------------------------------------------------------------------------------------+-------+----------------+--------------+----------------+--------+-----------------+---------------+-----------------+-------+----------------+--------------+------------------+-------------------+
; Hierarchy                                                                                                                            ; Input ; Constant Input ; Unused Input ; Floating Input ; Output ; Constant Output ; Unused Output ; Floating Output ; Bidir ; Constant Bidir ; Unused Bidir ; Input only Bidir ; Output only Bidir ;
+--------------------------------------------------------------------------------------------------------------------------------------+-------+----------------+--------------+----------------+--------+-----------------+---------------+-----------------+-------+----------------+--------------+------------------+-------------------+
; AM_gen|nco_ii_0|ux710isdr                                                                                                            ; 3     ; 0              ; 0            ; 0              ; 1      ; 0               ; 0             ; 0               ; 0     ; 0              ; 0            ; 0                ; 0                 ;
; AM_gen|nco_ii_0|dop                                                                                                                  ; 35    ; 0              ; 0            ; 0              ; 32     ; 0               ; 0             ; 0               ; 0     ; 0              ; 0            ; 0                ; 0                 ;
; AM_gen|nco_ii_0|ux005                                                                                                                ; 69    ; 0              ; 0            ; 0              ; 32     ; 0               ; 0             ; 0               ; 0     ; 0              ; 0            ; 0                ; 0                 ;
; AM_gen|nco_ii_0|cordinv                                                                                                              ; 35    ; 0              ; 0            ; 0              ; 64     ; 0               ; 0             ; 0               ; 0     ; 0              ; 0            ; 0                ; 0                 ;
; AM_gen|nco_ii_0|u47                                                                                                                  ; 36    ; 0              ; 15           ; 0              ; 16     ; 0               ; 0             ; 0               ; 0     ; 0              ; 0            ; 0                ; 0                 ;
; AM_gen|nco_ii_0|u46                                                                                                                  ; 36    ; 0              ; 15           ; 0              ; 16     ; 0               ; 0             ; 0               ; 0     ; 0              ; 0            ; 0                ; 0                 ;
; AM_gen|nco_ii_0|u45                                                                                                                  ; 20    ; 0              ; 0            ; 0              ; 16     ; 0               ; 0             ; 0               ; 0     ; 0              ; 0            ; 0                ; 0                 ;
; AM_gen|nco_ii_0|u44                                                                                                                  ; 36    ; 0              ; 14           ; 0              ; 16     ; 0               ; 0             ; 0               ; 0     ; 0              ; 0            ; 0                ; 0                 ;
; AM_gen|nco_ii_0|u43                                                                                                                  ; 36    ; 0              ; 14           ; 0              ; 16     ; 0               ; 0             ; 0               ; 0     ; 0              ; 0            ; 0                ; 0                 ;
; AM_gen|nco_ii_0|u42                                                                                                                  ; 20    ; 0              ; 0            ; 0              ; 16     ; 0               ; 0             ; 0               ; 0     ; 0              ; 0            ; 0                ; 0                 ;
; AM_gen|nco_ii_0|u41                                                                                                                  ; 36    ; 0              ; 13           ; 0              ; 16     ; 0               ; 0             ; 0               ; 0     ; 0              ; 0            ; 0                ; 0                 ;
; AM_gen|nco_ii_0|u40                                                                                                                  ; 36    ; 0              ; 13           ; 0              ; 16     ; 0               ; 0             ; 0               ; 0     ; 0              ; 0            ; 0                ; 0                 ;
; AM_gen|nco_ii_0|u39                                                                                                                  ; 20    ; 0              ; 0            ; 0              ; 16     ; 0               ; 0             ; 0               ; 0     ; 0              ; 0            ; 0                ; 0                 ;
; AM_gen|nco_ii_0|u38                                                                                                                  ; 36    ; 0              ; 12           ; 0              ; 16     ; 0               ; 0             ; 0               ; 0     ; 0              ; 0            ; 0                ; 0                 ;
; AM_gen|nco_ii_0|u37                                                                                                                  ; 36    ; 0              ; 12           ; 0              ; 16     ; 0               ; 0             ; 0               ; 0     ; 0              ; 0            ; 0                ; 0                 ;
; AM_gen|nco_ii_0|u36                                                                                                                  ; 20    ; 0              ; 0            ; 0              ; 16     ; 0               ; 0             ; 0               ; 0     ; 0              ; 0            ; 0                ; 0                 ;
; AM_gen|nco_ii_0|u35                                                                                                                  ; 36    ; 0              ; 11           ; 0              ; 16     ; 0               ; 0             ; 0               ; 0     ; 0              ; 0            ; 0                ; 0                 ;
; AM_gen|nco_ii_0|u34                                                                                                                  ; 36    ; 0              ; 11           ; 0              ; 16     ; 0               ; 0             ; 0               ; 0     ; 0              ; 0            ; 0                ; 0                 ;
; AM_gen|nco_ii_0|u33                                                                                                                  ; 20    ; 0              ; 0            ; 0              ; 16     ; 0               ; 0             ; 0               ; 0     ; 0              ; 0            ; 0                ; 0                 ;
; AM_gen|nco_ii_0|u32                                                                                                                  ; 36    ; 0              ; 10           ; 0              ; 16     ; 0               ; 0             ; 0               ; 0     ; 0              ; 0            ; 0                ; 0                 ;
; AM_gen|nco_ii_0|u31                                                                                                                  ; 36    ; 0              ; 10           ; 0              ; 16     ; 0               ; 0             ; 0               ; 0     ; 0              ; 0            ; 0                ; 0                 ;
; AM_gen|nco_ii_0|u30                                                                                                                  ; 20    ; 0              ; 0            ; 0              ; 16     ; 0               ; 0             ; 0               ; 0     ; 0              ; 0            ; 0                ; 0                 ;
; AM_gen|nco_ii_0|u29                                                                                                                  ; 36    ; 0              ; 9            ; 0              ; 16     ; 0               ; 0             ; 0               ; 0     ; 0              ; 0            ; 0                ; 0                 ;
; AM_gen|nco_ii_0|u28                                                                                                                  ; 36    ; 0              ; 9            ; 0              ; 16     ; 0               ; 0             ; 0               ; 0     ; 0              ; 0            ; 0                ; 0                 ;
; AM_gen|nco_ii_0|u27                                                                                                                  ; 20    ; 0              ; 0            ; 0              ; 16     ; 0               ; 0             ; 0               ; 0     ; 0              ; 0            ; 0                ; 0                 ;
; AM_gen|nco_ii_0|u26                                                                                                                  ; 36    ; 0              ; 8            ; 0              ; 16     ; 0               ; 0             ; 0               ; 0     ; 0              ; 0            ; 0                ; 0                 ;
; AM_gen|nco_ii_0|u25                                                                                                                  ; 36    ; 0              ; 8            ; 0              ; 16     ; 0               ; 0             ; 0               ; 0     ; 0              ; 0            ; 0                ; 0                 ;
; AM_gen|nco_ii_0|u24                                                                                                                  ; 20    ; 0              ; 0            ; 0              ; 16     ; 0               ; 0             ; 0               ; 0     ; 0              ; 0            ; 0                ; 0                 ;
; AM_gen|nco_ii_0|u23                                                                                                                  ; 36    ; 0              ; 7            ; 0              ; 16     ; 0               ; 0             ; 0               ; 0     ; 0              ; 0            ; 0                ; 0                 ;
; AM_gen|nco_ii_0|u22                                                                                                                  ; 36    ; 0              ; 7            ; 0              ; 16     ; 0               ; 0             ; 0               ; 0     ; 0              ; 0            ; 0                ; 0                 ;
; AM_gen|nco_ii_0|u21                                                                                                                  ; 20    ; 0              ; 0            ; 0              ; 16     ; 0               ; 0             ; 0               ; 0     ; 0              ; 0            ; 0                ; 0                 ;
; AM_gen|nco_ii_0|u20                                                                                                                  ; 36    ; 0              ; 6            ; 0              ; 16     ; 0               ; 0             ; 0               ; 0     ; 0              ; 0            ; 0                ; 0                 ;
; AM_gen|nco_ii_0|u19                                                                                                                  ; 36    ; 0              ; 6            ; 0              ; 16     ; 0               ; 0             ; 0               ; 0     ; 0              ; 0            ; 0                ; 0                 ;
; AM_gen|nco_ii_0|u18                                                                                                                  ; 20    ; 0              ; 0            ; 0              ; 16     ; 0               ; 0             ; 0               ; 0     ; 0              ; 0            ; 0                ; 0                 ;
; AM_gen|nco_ii_0|u17                                                                                                                  ; 36    ; 0              ; 5            ; 0              ; 16     ; 0               ; 0             ; 0               ; 0     ; 0              ; 0            ; 0                ; 0                 ;
; AM_gen|nco_ii_0|u16                                                                                                                  ; 36    ; 0              ; 5            ; 0              ; 16     ; 0               ; 0             ; 0               ; 0     ; 0              ; 0            ; 0                ; 0                 ;
; AM_gen|nco_ii_0|u15                                                                                                                  ; 20    ; 0              ; 0            ; 0              ; 16     ; 0               ; 0             ; 0               ; 0     ; 0              ; 0            ; 0                ; 0                 ;
; AM_gen|nco_ii_0|u14                                                                                                                  ; 36    ; 0              ; 4            ; 0              ; 16     ; 0               ; 0             ; 0               ; 0     ; 0              ; 0            ; 0                ; 0                 ;
; AM_gen|nco_ii_0|u13                                                                                                                  ; 36    ; 0              ; 4            ; 0              ; 16     ; 0               ; 0             ; 0               ; 0     ; 0              ; 0            ; 0                ; 0                 ;
; AM_gen|nco_ii_0|u12                                                                                                                  ; 20    ; 0              ; 0            ; 0              ; 16     ; 0               ; 0             ; 0               ; 0     ; 0              ; 0            ; 0                ; 0                 ;
; AM_gen|nco_ii_0|u11                                                                                                                  ; 36    ; 0              ; 3            ; 0              ; 16     ; 0               ; 0             ; 0               ; 0     ; 0              ; 0            ; 0                ; 0                 ;
; AM_gen|nco_ii_0|u10                                                                                                                  ; 36    ; 0              ; 3            ; 0              ; 16     ; 0               ; 0             ; 0               ; 0     ; 0              ; 0            ; 0                ; 0                 ;
; AM_gen|nco_ii_0|u9                                                                                                                   ; 20    ; 0              ; 0            ; 0              ; 16     ; 0               ; 0             ; 0               ; 0     ; 0              ; 0            ; 0                ; 0                 ;
; AM_gen|nco_ii_0|u8                                                                                                                   ; 36    ; 0              ; 2            ; 0              ; 16     ; 0               ; 0             ; 0               ; 0     ; 0              ; 0            ; 0                ; 0                 ;
; AM_gen|nco_ii_0|u7                                                                                                                   ; 36    ; 0              ; 2            ; 0              ; 16     ; 0               ; 0             ; 0               ; 0     ; 0              ; 0            ; 0                ; 0                 ;
; AM_gen|nco_ii_0|u6                                                                                                                   ; 20    ; 0              ; 0            ; 0              ; 16     ; 0               ; 0             ; 0               ; 0     ; 0              ; 0            ; 0                ; 0                 ;
; AM_gen|nco_ii_0|u5                                                                                                                   ; 36    ; 0              ; 1            ; 0              ; 16     ; 0               ; 0             ; 0               ; 0     ; 0              ; 0            ; 0                ; 0                 ;
; AM_gen|nco_ii_0|u4                                                                                                                   ; 36    ; 0              ; 1            ; 0              ; 16     ; 0               ; 0             ; 0               ; 0     ; 0              ; 0            ; 0                ; 0                 ;
; AM_gen|nco_ii_0|u3                                                                                                                   ; 20    ; 0              ; 0            ; 0              ; 16     ; 0               ; 0             ; 0               ; 0     ; 0              ; 0            ; 0                ; 0                 ;
; AM_gen|nco_ii_0|ux0219                                                                                                               ; 32    ; 0              ; 11           ; 0              ; 21     ; 0               ; 0             ; 0               ; 0     ; 0              ; 0            ; 0                ; 0                 ;
; AM_gen|nco_ii_0|ux002                                                                                                                ; 32    ; 0              ; 0            ; 0              ; 21     ; 0               ; 0             ; 0               ; 0     ; 0              ; 0            ; 0                ; 0                 ;
; AM_gen|nco_ii_0|ux001                                                                                                                ; 3     ; 0              ; 0            ; 0              ; 8      ; 0               ; 0             ; 0               ; 0     ; 0              ; 0            ; 0                ; 0                 ;
; AM_gen|nco_ii_0|ux000                                                                                                                ; 0     ; 0              ; 0            ; 0              ; 0      ; 0               ; 0             ; 0               ; 0     ; 0              ; 0            ; 0                ; 0                 ;
; AM_gen|nco_ii_0|css                                                                                                                  ; 5     ; 0              ; 0            ; 0              ; 2      ; 0               ; 0             ; 0               ; 0     ; 0              ; 0            ; 0                ; 0                 ;
; AM_gen|nco_ii_0|cfs                                                                                                                  ; 36    ; 0              ; 0            ; 0              ; 32     ; 0               ; 0             ; 0               ; 0     ; 0              ; 0            ; 0                ; 0                 ;
; AM_gen|nco_ii_0|ci                                                                                                                   ; 24    ; 0              ; 6            ; 0              ; 48     ; 0               ; 0             ; 0               ; 0     ; 0              ; 0            ; 0                ; 0                 ;
; AM_gen|nco_ii_0                                                                                                                      ; 35    ; 0              ; 0            ; 0              ; 33     ; 0               ; 0             ; 0               ; 0     ; 0              ; 0            ; 0                ; 0                 ;
; AM_gen                                                                                                                               ; 35    ; 34             ; 0            ; 34             ; 16     ; 34              ; 34            ; 34              ; 0     ; 0              ; 0            ; 0                ; 0                 ;
; sig_gen|nco_ii_0|ux710isdr                                                                                                           ; 3     ; 0              ; 0            ; 0              ; 1      ; 0               ; 0             ; 0               ; 0     ; 0              ; 0            ; 0                ; 0                 ;
; sig_gen|nco_ii_0|dop                                                                                                                 ; 35    ; 0              ; 0            ; 0              ; 32     ; 0               ; 0             ; 0               ; 0     ; 0              ; 0            ; 0                ; 0                 ;
; sig_gen|nco_ii_0|ux005                                                                                                               ; 69    ; 0              ; 0            ; 0              ; 32     ; 0               ; 0             ; 0               ; 0     ; 0              ; 0            ; 0                ; 0                 ;
; sig_gen|nco_ii_0|cordinv                                                                                                             ; 35    ; 0              ; 0            ; 0              ; 64     ; 0               ; 0             ; 0               ; 0     ; 0              ; 0            ; 0                ; 0                 ;
; sig_gen|nco_ii_0|u47                                                                                                                 ; 36    ; 0              ; 15           ; 0              ; 16     ; 0               ; 0             ; 0               ; 0     ; 0              ; 0            ; 0                ; 0                 ;
; sig_gen|nco_ii_0|u46                                                                                                                 ; 36    ; 0              ; 15           ; 0              ; 16     ; 0               ; 0             ; 0               ; 0     ; 0              ; 0            ; 0                ; 0                 ;
; sig_gen|nco_ii_0|u45                                                                                                                 ; 20    ; 0              ; 0            ; 0              ; 16     ; 0               ; 0             ; 0               ; 0     ; 0              ; 0            ; 0                ; 0                 ;
; sig_gen|nco_ii_0|u44                                                                                                                 ; 36    ; 0              ; 14           ; 0              ; 16     ; 0               ; 0             ; 0               ; 0     ; 0              ; 0            ; 0                ; 0                 ;
; sig_gen|nco_ii_0|u43                                                                                                                 ; 36    ; 0              ; 14           ; 0              ; 16     ; 0               ; 0             ; 0               ; 0     ; 0              ; 0            ; 0                ; 0                 ;
; sig_gen|nco_ii_0|u42                                                                                                                 ; 20    ; 0              ; 0            ; 0              ; 16     ; 0               ; 0             ; 0               ; 0     ; 0              ; 0            ; 0                ; 0                 ;
; sig_gen|nco_ii_0|u41                                                                                                                 ; 36    ; 0              ; 13           ; 0              ; 16     ; 0               ; 0             ; 0               ; 0     ; 0              ; 0            ; 0                ; 0                 ;
; sig_gen|nco_ii_0|u40                                                                                                                 ; 36    ; 0              ; 13           ; 0              ; 16     ; 0               ; 0             ; 0               ; 0     ; 0              ; 0            ; 0                ; 0                 ;
; sig_gen|nco_ii_0|u39                                                                                                                 ; 20    ; 0              ; 0            ; 0              ; 16     ; 0               ; 0             ; 0               ; 0     ; 0              ; 0            ; 0                ; 0                 ;
; sig_gen|nco_ii_0|u38                                                                                                                 ; 36    ; 0              ; 12           ; 0              ; 16     ; 0               ; 0             ; 0               ; 0     ; 0              ; 0            ; 0                ; 0                 ;
; sig_gen|nco_ii_0|u37                                                                                                                 ; 36    ; 0              ; 12           ; 0              ; 16     ; 0               ; 0             ; 0               ; 0     ; 0              ; 0            ; 0                ; 0                 ;
; sig_gen|nco_ii_0|u36                                                                                                                 ; 20    ; 0              ; 0            ; 0              ; 16     ; 0               ; 0             ; 0               ; 0     ; 0              ; 0            ; 0                ; 0                 ;
; sig_gen|nco_ii_0|u35                                                                                                                 ; 36    ; 0              ; 11           ; 0              ; 16     ; 0               ; 0             ; 0               ; 0     ; 0              ; 0            ; 0                ; 0                 ;
; sig_gen|nco_ii_0|u34                                                                                                                 ; 36    ; 0              ; 11           ; 0              ; 16     ; 0               ; 0             ; 0               ; 0     ; 0              ; 0            ; 0                ; 0                 ;
; sig_gen|nco_ii_0|u33                                                                                                                 ; 20    ; 0              ; 0            ; 0              ; 16     ; 0               ; 0             ; 0               ; 0     ; 0              ; 0            ; 0                ; 0                 ;
; sig_gen|nco_ii_0|u32                                                                                                                 ; 36    ; 0              ; 10           ; 0              ; 16     ; 0               ; 0             ; 0               ; 0     ; 0              ; 0            ; 0                ; 0                 ;
; sig_gen|nco_ii_0|u31                                                                                                                 ; 36    ; 0              ; 10           ; 0              ; 16     ; 0               ; 0             ; 0               ; 0     ; 0              ; 0            ; 0                ; 0                 ;
; sig_gen|nco_ii_0|u30                                                                                                                 ; 20    ; 0              ; 0            ; 0              ; 16     ; 0               ; 0             ; 0               ; 0     ; 0              ; 0            ; 0                ; 0                 ;
; sig_gen|nco_ii_0|u29                                                                                                                 ; 36    ; 0              ; 9            ; 0              ; 16     ; 0               ; 0             ; 0               ; 0     ; 0              ; 0            ; 0                ; 0                 ;
; sig_gen|nco_ii_0|u28                                                                                                                 ; 36    ; 0              ; 9            ; 0              ; 16     ; 0               ; 0             ; 0               ; 0     ; 0              ; 0            ; 0                ; 0                 ;
; sig_gen|nco_ii_0|u27                                                                                                                 ; 20    ; 0              ; 0            ; 0              ; 16     ; 0               ; 0             ; 0               ; 0     ; 0              ; 0            ; 0                ; 0                 ;
; sig_gen|nco_ii_0|u26                                                                                                                 ; 36    ; 0              ; 8            ; 0              ; 16     ; 0               ; 0             ; 0               ; 0     ; 0              ; 0            ; 0                ; 0                 ;
; sig_gen|nco_ii_0|u25                                                                                                                 ; 36    ; 0              ; 8            ; 0              ; 16     ; 0               ; 0             ; 0               ; 0     ; 0              ; 0            ; 0                ; 0                 ;
; sig_gen|nco_ii_0|u24                                                                                                                 ; 20    ; 0              ; 0            ; 0              ; 16     ; 0               ; 0             ; 0               ; 0     ; 0              ; 0            ; 0                ; 0                 ;
; sig_gen|nco_ii_0|u23                                                                                                                 ; 36    ; 0              ; 7            ; 0              ; 16     ; 0               ; 0             ; 0               ; 0     ; 0              ; 0            ; 0                ; 0                 ;
; sig_gen|nco_ii_0|u22                                                                                                                 ; 36    ; 0              ; 7            ; 0              ; 16     ; 0               ; 0             ; 0               ; 0     ; 0              ; 0            ; 0                ; 0                 ;
; sig_gen|nco_ii_0|u21                                                                                                                 ; 20    ; 0              ; 0            ; 0              ; 16     ; 0               ; 0             ; 0               ; 0     ; 0              ; 0            ; 0                ; 0                 ;
; sig_gen|nco_ii_0|u20                                                                                                                 ; 36    ; 0              ; 6            ; 0              ; 16     ; 0               ; 0             ; 0               ; 0     ; 0              ; 0            ; 0                ; 0                 ;
; sig_gen|nco_ii_0|u19                                                                                                                 ; 36    ; 0              ; 6            ; 0              ; 16     ; 0               ; 0             ; 0               ; 0     ; 0              ; 0            ; 0                ; 0                 ;
; sig_gen|nco_ii_0|u18                                                                                                                 ; 20    ; 0              ; 0            ; 0              ; 16     ; 0               ; 0             ; 0               ; 0     ; 0              ; 0            ; 0                ; 0                 ;
; sig_gen|nco_ii_0|u17                                                                                                                 ; 36    ; 0              ; 5            ; 0              ; 16     ; 0               ; 0             ; 0               ; 0     ; 0              ; 0            ; 0                ; 0                 ;
; sig_gen|nco_ii_0|u16                                                                                                                 ; 36    ; 0              ; 5            ; 0              ; 16     ; 0               ; 0             ; 0               ; 0     ; 0              ; 0            ; 0                ; 0                 ;
; sig_gen|nco_ii_0|u15                                                                                                                 ; 20    ; 0              ; 0            ; 0              ; 16     ; 0               ; 0             ; 0               ; 0     ; 0              ; 0            ; 0                ; 0                 ;
; sig_gen|nco_ii_0|u14                                                                                                                 ; 36    ; 0              ; 4            ; 0              ; 16     ; 0               ; 0             ; 0               ; 0     ; 0              ; 0            ; 0                ; 0                 ;
; sig_gen|nco_ii_0|u13                                                                                                                 ; 36    ; 0              ; 4            ; 0              ; 16     ; 0               ; 0             ; 0               ; 0     ; 0              ; 0            ; 0                ; 0                 ;
; sig_gen|nco_ii_0|u12                                                                                                                 ; 20    ; 0              ; 0            ; 0              ; 16     ; 0               ; 0             ; 0               ; 0     ; 0              ; 0            ; 0                ; 0                 ;
; sig_gen|nco_ii_0|u11                                                                                                                 ; 36    ; 0              ; 3            ; 0              ; 16     ; 0               ; 0             ; 0               ; 0     ; 0              ; 0            ; 0                ; 0                 ;
; sig_gen|nco_ii_0|u10                                                                                                                 ; 36    ; 0              ; 3            ; 0              ; 16     ; 0               ; 0             ; 0               ; 0     ; 0              ; 0            ; 0                ; 0                 ;
; sig_gen|nco_ii_0|u9                                                                                                                  ; 20    ; 0              ; 0            ; 0              ; 16     ; 0               ; 0             ; 0               ; 0     ; 0              ; 0            ; 0                ; 0                 ;
; sig_gen|nco_ii_0|u8                                                                                                                  ; 36    ; 0              ; 2            ; 0              ; 16     ; 0               ; 0             ; 0               ; 0     ; 0              ; 0            ; 0                ; 0                 ;
; sig_gen|nco_ii_0|u7                                                                                                                  ; 36    ; 0              ; 2            ; 0              ; 16     ; 0               ; 0             ; 0               ; 0     ; 0              ; 0            ; 0                ; 0                 ;
; sig_gen|nco_ii_0|u6                                                                                                                  ; 20    ; 0              ; 0            ; 0              ; 16     ; 0               ; 0             ; 0               ; 0     ; 0              ; 0            ; 0                ; 0                 ;
; sig_gen|nco_ii_0|u5                                                                                                                  ; 36    ; 0              ; 1            ; 0              ; 16     ; 0               ; 0             ; 0               ; 0     ; 0              ; 0            ; 0                ; 0                 ;
; sig_gen|nco_ii_0|u4                                                                                                                  ; 36    ; 0              ; 1            ; 0              ; 16     ; 0               ; 0             ; 0               ; 0     ; 0              ; 0            ; 0                ; 0                 ;
; sig_gen|nco_ii_0|u3                                                                                                                  ; 20    ; 0              ; 0            ; 0              ; 16     ; 0               ; 0             ; 0               ; 0     ; 0              ; 0            ; 0                ; 0                 ;
; sig_gen|nco_ii_0|ux0219                                                                                                              ; 32    ; 0              ; 11           ; 0              ; 21     ; 0               ; 0             ; 0               ; 0     ; 0              ; 0            ; 0                ; 0                 ;
; sig_gen|nco_ii_0|ux002                                                                                                               ; 32    ; 0              ; 0            ; 0              ; 21     ; 0               ; 0             ; 0               ; 0     ; 0              ; 0            ; 0                ; 0                 ;
; sig_gen|nco_ii_0|ux001                                                                                                               ; 3     ; 0              ; 0            ; 0              ; 8      ; 0               ; 0             ; 0               ; 0     ; 0              ; 0            ; 0                ; 0                 ;
; sig_gen|nco_ii_0|ux000                                                                                                               ; 0     ; 0              ; 0            ; 0              ; 0      ; 0               ; 0             ; 0               ; 0     ; 0              ; 0            ; 0                ; 0                 ;
; sig_gen|nco_ii_0|css                                                                                                                 ; 5     ; 0              ; 0            ; 0              ; 2      ; 0               ; 0             ; 0               ; 0     ; 0              ; 0            ; 0                ; 0                 ;
; sig_gen|nco_ii_0|cfs                                                                                                                 ; 36    ; 0              ; 0            ; 0              ; 32     ; 0               ; 0             ; 0               ; 0     ; 0              ; 0            ; 0                ; 0                 ;
; sig_gen|nco_ii_0|ci                                                                                                                  ; 24    ; 0              ; 6            ; 0              ; 48     ; 0               ; 0             ; 0               ; 0     ; 0              ; 0            ; 0                ; 0                 ;
; sig_gen|nco_ii_0                                                                                                                     ; 35    ; 0              ; 0            ; 0              ; 33     ; 0               ; 0             ; 0               ; 0     ; 0              ; 0            ; 0                ; 0                 ;
; sig_gen                                                                                                                              ; 35    ; 34             ; 0            ; 34             ; 16     ; 34              ; 34            ; 34              ; 0     ; 0              ; 0            ; 0                ; 0                 ;
; AMdemod|cic_2|cic_ii_0|core                                                                                                          ; 0     ; 0              ; 0            ; 0              ; 0      ; 0               ; 0             ; 0               ; 0     ; 0              ; 0            ; 0                ; 0                 ;
; AMdemod|cic_2|cic_ii_0                                                                                                               ; 15    ; 1              ; 0            ; 1              ; 64     ; 1               ; 1             ; 1               ; 0     ; 0              ; 0            ; 0                ; 0                 ;
; AMdemod|cic_2                                                                                                                        ; 14    ; 4              ; 0            ; 4              ; 60     ; 4               ; 4             ; 4               ; 0     ; 0              ; 0            ; 0                ; 0                 ;
; AMdemod|cic_1|cic_ii_0|core                                                                                                          ; 0     ; 0              ; 0            ; 0              ; 0      ; 0               ; 0             ; 0               ; 0     ; 0              ; 0            ; 0                ; 0                 ;
; AMdemod|cic_1|cic_ii_0                                                                                                               ; 15    ; 1              ; 0            ; 1              ; 64     ; 1               ; 1             ; 1               ; 0     ; 0              ; 0            ; 0                ; 0                 ;
; AMdemod|cic_1                                                                                                                        ; 14    ; 4              ; 0            ; 4              ; 60     ; 4               ; 4             ; 4               ; 0     ; 0              ; 0            ; 0                ; 0                 ;
; AMdemod|LO|nco_ii_0|ux710isdr                                                                                                        ; 3     ; 0              ; 0            ; 0              ; 1      ; 0               ; 0             ; 0               ; 0     ; 0              ; 0            ; 0                ; 0                 ;
; AMdemod|LO|nco_ii_0|dop                                                                                                              ; 35    ; 0              ; 0            ; 0              ; 32     ; 0               ; 0             ; 0               ; 0     ; 0              ; 0            ; 0                ; 0                 ;
; AMdemod|LO|nco_ii_0|ux005                                                                                                            ; 69    ; 0              ; 0            ; 0              ; 32     ; 0               ; 0             ; 0               ; 0     ; 0              ; 0            ; 0                ; 0                 ;
; AMdemod|LO|nco_ii_0|cordinv                                                                                                          ; 35    ; 0              ; 0            ; 0              ; 64     ; 0               ; 0             ; 0               ; 0     ; 0              ; 0            ; 0                ; 0                 ;
; AMdemod|LO|nco_ii_0|u47                                                                                                              ; 36    ; 0              ; 15           ; 0              ; 16     ; 0               ; 0             ; 0               ; 0     ; 0              ; 0            ; 0                ; 0                 ;
; AMdemod|LO|nco_ii_0|u46                                                                                                              ; 36    ; 0              ; 15           ; 0              ; 16     ; 0               ; 0             ; 0               ; 0     ; 0              ; 0            ; 0                ; 0                 ;
; AMdemod|LO|nco_ii_0|u45                                                                                                              ; 20    ; 0              ; 0            ; 0              ; 16     ; 0               ; 0             ; 0               ; 0     ; 0              ; 0            ; 0                ; 0                 ;
; AMdemod|LO|nco_ii_0|u44                                                                                                              ; 36    ; 0              ; 14           ; 0              ; 16     ; 0               ; 0             ; 0               ; 0     ; 0              ; 0            ; 0                ; 0                 ;
; AMdemod|LO|nco_ii_0|u43                                                                                                              ; 36    ; 0              ; 14           ; 0              ; 16     ; 0               ; 0             ; 0               ; 0     ; 0              ; 0            ; 0                ; 0                 ;
; AMdemod|LO|nco_ii_0|u42                                                                                                              ; 20    ; 0              ; 0            ; 0              ; 16     ; 0               ; 0             ; 0               ; 0     ; 0              ; 0            ; 0                ; 0                 ;
; AMdemod|LO|nco_ii_0|u41                                                                                                              ; 36    ; 0              ; 13           ; 0              ; 16     ; 0               ; 0             ; 0               ; 0     ; 0              ; 0            ; 0                ; 0                 ;
; AMdemod|LO|nco_ii_0|u40                                                                                                              ; 36    ; 0              ; 13           ; 0              ; 16     ; 0               ; 0             ; 0               ; 0     ; 0              ; 0            ; 0                ; 0                 ;
; AMdemod|LO|nco_ii_0|u39                                                                                                              ; 20    ; 0              ; 0            ; 0              ; 16     ; 0               ; 0             ; 0               ; 0     ; 0              ; 0            ; 0                ; 0                 ;
; AMdemod|LO|nco_ii_0|u38                                                                                                              ; 36    ; 0              ; 12           ; 0              ; 16     ; 0               ; 0             ; 0               ; 0     ; 0              ; 0            ; 0                ; 0                 ;
; AMdemod|LO|nco_ii_0|u37                                                                                                              ; 36    ; 0              ; 12           ; 0              ; 16     ; 0               ; 0             ; 0               ; 0     ; 0              ; 0            ; 0                ; 0                 ;
; AMdemod|LO|nco_ii_0|u36                                                                                                              ; 20    ; 0              ; 0            ; 0              ; 16     ; 0               ; 0             ; 0               ; 0     ; 0              ; 0            ; 0                ; 0                 ;
; AMdemod|LO|nco_ii_0|u35                                                                                                              ; 36    ; 0              ; 11           ; 0              ; 16     ; 0               ; 0             ; 0               ; 0     ; 0              ; 0            ; 0                ; 0                 ;
; AMdemod|LO|nco_ii_0|u34                                                                                                              ; 36    ; 0              ; 11           ; 0              ; 16     ; 0               ; 0             ; 0               ; 0     ; 0              ; 0            ; 0                ; 0                 ;
; AMdemod|LO|nco_ii_0|u33                                                                                                              ; 20    ; 0              ; 0            ; 0              ; 16     ; 0               ; 0             ; 0               ; 0     ; 0              ; 0            ; 0                ; 0                 ;
; AMdemod|LO|nco_ii_0|u32                                                                                                              ; 36    ; 0              ; 10           ; 0              ; 16     ; 0               ; 0             ; 0               ; 0     ; 0              ; 0            ; 0                ; 0                 ;
; AMdemod|LO|nco_ii_0|u31                                                                                                              ; 36    ; 0              ; 10           ; 0              ; 16     ; 0               ; 0             ; 0               ; 0     ; 0              ; 0            ; 0                ; 0                 ;
; AMdemod|LO|nco_ii_0|u30                                                                                                              ; 20    ; 0              ; 0            ; 0              ; 16     ; 0               ; 0             ; 0               ; 0     ; 0              ; 0            ; 0                ; 0                 ;
; AMdemod|LO|nco_ii_0|u29                                                                                                              ; 36    ; 0              ; 9            ; 0              ; 16     ; 0               ; 0             ; 0               ; 0     ; 0              ; 0            ; 0                ; 0                 ;
; AMdemod|LO|nco_ii_0|u28                                                                                                              ; 36    ; 0              ; 9            ; 0              ; 16     ; 0               ; 0             ; 0               ; 0     ; 0              ; 0            ; 0                ; 0                 ;
; AMdemod|LO|nco_ii_0|u27                                                                                                              ; 20    ; 0              ; 0            ; 0              ; 16     ; 0               ; 0             ; 0               ; 0     ; 0              ; 0            ; 0                ; 0                 ;
; AMdemod|LO|nco_ii_0|u26                                                                                                              ; 36    ; 0              ; 8            ; 0              ; 16     ; 0               ; 0             ; 0               ; 0     ; 0              ; 0            ; 0                ; 0                 ;
; AMdemod|LO|nco_ii_0|u25                                                                                                              ; 36    ; 0              ; 8            ; 0              ; 16     ; 0               ; 0             ; 0               ; 0     ; 0              ; 0            ; 0                ; 0                 ;
; AMdemod|LO|nco_ii_0|u24                                                                                                              ; 20    ; 0              ; 0            ; 0              ; 16     ; 0               ; 0             ; 0               ; 0     ; 0              ; 0            ; 0                ; 0                 ;
; AMdemod|LO|nco_ii_0|u23                                                                                                              ; 36    ; 0              ; 7            ; 0              ; 16     ; 0               ; 0             ; 0               ; 0     ; 0              ; 0            ; 0                ; 0                 ;
; AMdemod|LO|nco_ii_0|u22                                                                                                              ; 36    ; 0              ; 7            ; 0              ; 16     ; 0               ; 0             ; 0               ; 0     ; 0              ; 0            ; 0                ; 0                 ;
; AMdemod|LO|nco_ii_0|u21                                                                                                              ; 20    ; 0              ; 0            ; 0              ; 16     ; 0               ; 0             ; 0               ; 0     ; 0              ; 0            ; 0                ; 0                 ;
; AMdemod|LO|nco_ii_0|u20                                                                                                              ; 36    ; 0              ; 6            ; 0              ; 16     ; 0               ; 0             ; 0               ; 0     ; 0              ; 0            ; 0                ; 0                 ;
; AMdemod|LO|nco_ii_0|u19                                                                                                              ; 36    ; 0              ; 6            ; 0              ; 16     ; 0               ; 0             ; 0               ; 0     ; 0              ; 0            ; 0                ; 0                 ;
; AMdemod|LO|nco_ii_0|u18                                                                                                              ; 20    ; 0              ; 0            ; 0              ; 16     ; 0               ; 0             ; 0               ; 0     ; 0              ; 0            ; 0                ; 0                 ;
; AMdemod|LO|nco_ii_0|u17                                                                                                              ; 36    ; 0              ; 5            ; 0              ; 16     ; 0               ; 0             ; 0               ; 0     ; 0              ; 0            ; 0                ; 0                 ;
; AMdemod|LO|nco_ii_0|u16                                                                                                              ; 36    ; 0              ; 5            ; 0              ; 16     ; 0               ; 0             ; 0               ; 0     ; 0              ; 0            ; 0                ; 0                 ;
; AMdemod|LO|nco_ii_0|u15                                                                                                              ; 20    ; 0              ; 0            ; 0              ; 16     ; 0               ; 0             ; 0               ; 0     ; 0              ; 0            ; 0                ; 0                 ;
; AMdemod|LO|nco_ii_0|u14                                                                                                              ; 36    ; 0              ; 4            ; 0              ; 16     ; 0               ; 0             ; 0               ; 0     ; 0              ; 0            ; 0                ; 0                 ;
; AMdemod|LO|nco_ii_0|u13                                                                                                              ; 36    ; 0              ; 4            ; 0              ; 16     ; 0               ; 0             ; 0               ; 0     ; 0              ; 0            ; 0                ; 0                 ;
; AMdemod|LO|nco_ii_0|u12                                                                                                              ; 20    ; 0              ; 0            ; 0              ; 16     ; 0               ; 0             ; 0               ; 0     ; 0              ; 0            ; 0                ; 0                 ;
; AMdemod|LO|nco_ii_0|u11                                                                                                              ; 36    ; 0              ; 3            ; 0              ; 16     ; 0               ; 0             ; 0               ; 0     ; 0              ; 0            ; 0                ; 0                 ;
; AMdemod|LO|nco_ii_0|u10                                                                                                              ; 36    ; 0              ; 3            ; 0              ; 16     ; 0               ; 0             ; 0               ; 0     ; 0              ; 0            ; 0                ; 0                 ;
; AMdemod|LO|nco_ii_0|u9                                                                                                               ; 20    ; 0              ; 0            ; 0              ; 16     ; 0               ; 0             ; 0               ; 0     ; 0              ; 0            ; 0                ; 0                 ;
; AMdemod|LO|nco_ii_0|u8                                                                                                               ; 36    ; 0              ; 2            ; 0              ; 16     ; 0               ; 0             ; 0               ; 0     ; 0              ; 0            ; 0                ; 0                 ;
; AMdemod|LO|nco_ii_0|u7                                                                                                               ; 36    ; 0              ; 2            ; 0              ; 16     ; 0               ; 0             ; 0               ; 0     ; 0              ; 0            ; 0                ; 0                 ;
; AMdemod|LO|nco_ii_0|u6                                                                                                               ; 20    ; 0              ; 0            ; 0              ; 16     ; 0               ; 0             ; 0               ; 0     ; 0              ; 0            ; 0                ; 0                 ;
; AMdemod|LO|nco_ii_0|u5                                                                                                               ; 36    ; 0              ; 1            ; 0              ; 16     ; 0               ; 0             ; 0               ; 0     ; 0              ; 0            ; 0                ; 0                 ;
; AMdemod|LO|nco_ii_0|u4                                                                                                               ; 36    ; 0              ; 1            ; 0              ; 16     ; 0               ; 0             ; 0               ; 0     ; 0              ; 0            ; 0                ; 0                 ;
; AMdemod|LO|nco_ii_0|u3                                                                                                               ; 20    ; 0              ; 0            ; 0              ; 16     ; 0               ; 0             ; 0               ; 0     ; 0              ; 0            ; 0                ; 0                 ;
; AMdemod|LO|nco_ii_0|ux0219                                                                                                           ; 32    ; 0              ; 11           ; 0              ; 21     ; 0               ; 0             ; 0               ; 0     ; 0              ; 0            ; 0                ; 0                 ;
; AMdemod|LO|nco_ii_0|ux002                                                                                                            ; 32    ; 0              ; 0            ; 0              ; 21     ; 0               ; 0             ; 0               ; 0     ; 0              ; 0            ; 0                ; 0                 ;
; AMdemod|LO|nco_ii_0|ux001                                                                                                            ; 3     ; 0              ; 0            ; 0              ; 8      ; 0               ; 0             ; 0               ; 0     ; 0              ; 0            ; 0                ; 0                 ;
; AMdemod|LO|nco_ii_0|ux000                                                                                                            ; 0     ; 0              ; 0            ; 0              ; 0      ; 0               ; 0             ; 0               ; 0     ; 0              ; 0            ; 0                ; 0                 ;
; AMdemod|LO|nco_ii_0|css                                                                                                              ; 5     ; 0              ; 0            ; 0              ; 2      ; 0               ; 0             ; 0               ; 0     ; 0              ; 0            ; 0                ; 0                 ;
; AMdemod|LO|nco_ii_0|cfs                                                                                                              ; 36    ; 0              ; 0            ; 0              ; 32     ; 0               ; 0             ; 0               ; 0     ; 0              ; 0            ; 0                ; 0                 ;
; AMdemod|LO|nco_ii_0|ci                                                                                                               ; 24    ; 0              ; 6            ; 0              ; 48     ; 0               ; 0             ; 0               ; 0     ; 0              ; 0            ; 0                ; 0                 ;
; AMdemod|LO|nco_ii_0                                                                                                                  ; 35    ; 0              ; 0            ; 0              ; 33     ; 0               ; 0             ; 0               ; 0     ; 0              ; 0            ; 0                ; 0                 ;
; AMdemod|LO                                                                                                                           ; 35    ; 33             ; 0            ; 33             ; 32     ; 33              ; 33            ; 33              ; 0     ; 0              ; 0            ; 0                ; 0                 ;
; AMdemod                                                                                                                              ; 10    ; 1              ; 0            ; 1              ; 0      ; 1               ; 1             ; 1               ; 0     ; 0              ; 0            ; 0                ; 0                 ;
; ADCstream|ALTDDIO_IN_component|auto_generated                                                                                        ; 9     ; 0              ; 0            ; 0              ; 16     ; 0               ; 0             ; 0               ; 0     ; 0              ; 0            ; 0                ; 0                 ;
; ADCstream                                                                                                                            ; 9     ; 0              ; 0            ; 0              ; 16     ; 0               ; 0             ; 0               ; 0     ; 0              ; 0            ; 0                ; 0                 ;
; ADCinterface|rst_controller|alt_rst_req_sync_uq1                                                                                     ; 2     ; 1              ; 0            ; 1              ; 1      ; 1               ; 1             ; 1               ; 0     ; 0              ; 0            ; 0                ; 0                 ;
; ADCinterface|rst_controller|alt_rst_sync_uq1                                                                                         ; 2     ; 0              ; 0            ; 0              ; 1      ; 0               ; 0             ; 0               ; 0     ; 0              ; 0            ; 0                ; 0                 ;
; ADCinterface|rst_controller                                                                                                          ; 33    ; 31             ; 0            ; 31             ; 1      ; 31              ; 31            ; 31              ; 0     ; 0              ; 0            ; 0                ; 0                 ;
; ADCinterface|mm_interconnect_0|avalon_st_adapter|error_adapter_0                                                                     ; 22    ; 1              ; 2            ; 1              ; 21     ; 1               ; 1             ; 1               ; 0     ; 0              ; 0            ; 0                ; 0                 ;
; ADCinterface|mm_interconnect_0|avalon_st_adapter                                                                                     ; 22    ; 0              ; 0            ; 0              ; 21     ; 0               ; 0             ; 0               ; 0     ; 0              ; 0            ; 0                ; 0                 ;
; ADCinterface|mm_interconnect_0|adcinterface_0_avmm_control_cmd_width_adapter                                                         ; 112   ; 3              ; 0            ; 3              ; 89     ; 3               ; 3             ; 3               ; 0     ; 0              ; 0            ; 0                ; 0                 ;
; ADCinterface|mm_interconnect_0|adcinterface_0_avmm_control_rsp_width_adapter|uncompressor                                            ; 46    ; 4              ; 0            ; 4              ; 39     ; 4               ; 4             ; 4               ; 0     ; 0              ; 0            ; 0                ; 0                 ;
; ADCinterface|mm_interconnect_0|adcinterface_0_avmm_control_rsp_width_adapter                                                         ; 94    ; 3              ; 0            ; 3              ; 107    ; 3               ; 3             ; 3               ; 0     ; 0              ; 0            ; 0                ; 0                 ;
; ADCinterface|mm_interconnect_0|rsp_mux                                                                                               ; 109   ; 0              ; 2            ; 0              ; 107    ; 0               ; 0             ; 0               ; 0     ; 0              ; 0            ; 0                ; 0                 ;
; ADCinterface|mm_interconnect_0|rsp_demux                                                                                             ; 109   ; 1              ; 2            ; 1              ; 107    ; 1               ; 1             ; 1               ; 0     ; 0              ; 0            ; 0                ; 0                 ;
; ADCinterface|mm_interconnect_0|cmd_mux                                                                                               ; 109   ; 0              ; 2            ; 0              ; 107    ; 0               ; 0             ; 0               ; 0     ; 0              ; 0            ; 0                ; 0                 ;
; ADCinterface|mm_interconnect_0|cmd_demux                                                                                             ; 109   ; 1              ; 2            ; 1              ; 107    ; 1               ; 1             ; 1               ; 0     ; 0              ; 0            ; 0                ; 0                 ;
; ADCinterface|mm_interconnect_0|adcinterface_0_avmm_control_burst_adapter|altera_merlin_burst_adapter_uncompressed_only.burst_adapter ; 91    ; 3              ; 5            ; 3              ; 89     ; 3               ; 3             ; 3               ; 0     ; 0              ; 0            ; 0                ; 0                 ;
; ADCinterface|mm_interconnect_0|adcinterface_0_avmm_control_burst_adapter                                                             ; 91    ; 0              ; 0            ; 0              ; 89     ; 0               ; 0             ; 0               ; 0     ; 0              ; 0            ; 0                ; 0                 ;
; ADCinterface|mm_interconnect_0|router_001|the_default_decode                                                                         ; 0     ; 1              ; 0            ; 1              ; 1      ; 1               ; 1             ; 1               ; 0     ; 0              ; 0            ; 0                ; 0                 ;
; ADCinterface|mm_interconnect_0|router_001                                                                                            ; 90    ; 0              ; 2            ; 0              ; 89     ; 0               ; 0             ; 0               ; 0     ; 0              ; 0            ; 0                ; 0                 ;
; ADCinterface|mm_interconnect_0|router|the_default_decode                                                                             ; 0     ; 2              ; 0            ; 2              ; 2      ; 2               ; 2             ; 2               ; 0     ; 0              ; 0            ; 0                ; 0                 ;
; ADCinterface|mm_interconnect_0|router                                                                                                ; 108   ; 2              ; 3            ; 2              ; 107    ; 2               ; 2             ; 2               ; 0     ; 0              ; 0            ; 0                ; 0                 ;
; ADCinterface|mm_interconnect_0|adcinterface_0_avmm_control_agent_rsp_fifo                                                            ; 130   ; 39             ; 0            ; 39             ; 89     ; 39              ; 39            ; 39              ; 0     ; 0              ; 0            ; 0                ; 0                 ;
; ADCinterface|mm_interconnect_0|adcinterface_0_avmm_control_agent|uncompressor                                                        ; 46    ; 1              ; 0            ; 1              ; 44     ; 1               ; 1             ; 1               ; 0     ; 0              ; 0            ; 0                ; 0                 ;
; ADCinterface|mm_interconnect_0|adcinterface_0_avmm_control_agent                                                                     ; 222   ; 22             ; 22           ; 22             ; 253    ; 22              ; 22            ; 22              ; 0     ; 0              ; 0            ; 0                ; 0                 ;
; ADCinterface|mm_interconnect_0|master_0_master_agent                                                                                 ; 184   ; 31             ; 75           ; 31             ; 140    ; 31              ; 31            ; 31              ; 0     ; 0              ; 0            ; 0                ; 0                 ;
; ADCinterface|mm_interconnect_0|adcinterface_0_avmm_control_translator                                                                ; 80    ; 6              ; 27           ; 6              ; 41     ; 6               ; 6             ; 6               ; 0     ; 0              ; 0            ; 0                ; 0                 ;
; ADCinterface|mm_interconnect_0|master_0_master_translator                                                                            ; 116   ; 13             ; 2            ; 13             ; 109    ; 13              ; 13            ; 13              ; 0     ; 0              ; 0            ; 0                ; 0                 ;
; ADCinterface|mm_interconnect_0                                                                                                       ; 89    ; 0              ; 1            ; 0              ; 57     ; 0               ; 0             ; 0               ; 0     ; 0              ; 0            ; 0                ; 0                 ;
; ADCinterface|master_0|rst_controller|alt_rst_req_sync_uq1                                                                            ; 2     ; 1              ; 0            ; 1              ; 1      ; 1               ; 1             ; 1               ; 0     ; 0              ; 0            ; 0                ; 0                 ;
; ADCinterface|master_0|rst_controller|alt_rst_sync_uq1                                                                                ; 2     ; 0              ; 0            ; 0              ; 1      ; 0               ; 0             ; 0               ; 0     ; 0              ; 0            ; 0                ; 0                 ;
; ADCinterface|master_0|rst_controller                                                                                                 ; 33    ; 31             ; 0            ; 31             ; 1      ; 31              ; 31            ; 31              ; 0     ; 0              ; 0            ; 0                ; 0                 ;
; ADCinterface|master_0|p2b_adapter                                                                                                    ; 14    ; 8              ; 2            ; 8              ; 20     ; 8               ; 8             ; 8               ; 0     ; 0              ; 0            ; 0                ; 0                 ;
; ADCinterface|master_0|b2p_adapter                                                                                                    ; 22    ; 0              ; 2            ; 0              ; 12     ; 0               ; 0             ; 0               ; 0     ; 0              ; 0            ; 0                ; 0                 ;
; ADCinterface|master_0|transacto|p2m                                                                                                  ; 48    ; 0              ; 0            ; 0              ; 82     ; 0               ; 0             ; 0               ; 0     ; 0              ; 0            ; 0                ; 0                 ;
; ADCinterface|master_0|transacto                                                                                                      ; 48    ; 0              ; 0            ; 0              ; 82     ; 0               ; 0             ; 0               ; 0     ; 0              ; 0            ; 0                ; 0                 ;
; ADCinterface|master_0|p2b                                                                                                            ; 22    ; 0              ; 0            ; 0              ; 10     ; 0               ; 0             ; 0               ; 0     ; 0              ; 0            ; 0                ; 0                 ;
; ADCinterface|master_0|b2p                                                                                                            ; 12    ; 0              ; 0            ; 0              ; 20     ; 0               ; 0             ; 0               ; 0     ; 0              ; 0            ; 0                ; 0                 ;
; ADCinterface|master_0|fifo                                                                                                           ; 53    ; 41             ; 0            ; 41             ; 10     ; 41              ; 41            ; 41              ; 0     ; 0              ; 0            ; 0                ; 0                 ;
; ADCinterface|master_0|timing_adt                                                                                                     ; 12    ; 0              ; 3            ; 0              ; 9      ; 0               ; 0             ; 0               ; 0     ; 0              ; 0            ; 0                ; 0                 ;
; ADCinterface|master_0|jtag_phy_embedded_in_jtag_master|normal.jtag_dc_streaming|source_crosser|crosser                               ; 4     ; 1              ; 0            ; 1              ; 1      ; 1               ; 1             ; 1               ; 0     ; 0              ; 0            ; 0                ; 0                 ;
; ADCinterface|master_0|jtag_phy_embedded_in_jtag_master|normal.jtag_dc_streaming|source_crosser                                       ; 13    ; 0              ; 0            ; 0              ; 9      ; 0               ; 0             ; 0               ; 0     ; 0              ; 0            ; 0                ; 0                 ;
; ADCinterface|master_0|jtag_phy_embedded_in_jtag_master|normal.jtag_dc_streaming|sink_crosser|output_stage                            ; 12    ; 0              ; 0            ; 0              ; 10     ; 0               ; 0             ; 0               ; 0     ; 0              ; 0            ; 0                ; 0                 ;
; ADCinterface|master_0|jtag_phy_embedded_in_jtag_master|normal.jtag_dc_streaming|sink_crosser                                         ; 14    ; 0              ; 0            ; 0              ; 10     ; 0               ; 0             ; 0               ; 0     ; 0              ; 0            ; 0                ; 0                 ;
; ADCinterface|master_0|jtag_phy_embedded_in_jtag_master|normal.jtag_dc_streaming|jtag_streaming|idle_inserter                         ; 12    ; 1              ; 0            ; 1              ; 10     ; 1               ; 1             ; 1               ; 0     ; 0              ; 0            ; 0                ; 0                 ;
; ADCinterface|master_0|jtag_phy_embedded_in_jtag_master|normal.jtag_dc_streaming|jtag_streaming|idle_remover                          ; 12    ; 2              ; 0            ; 2              ; 10     ; 2               ; 2             ; 2               ; 0     ; 0              ; 0            ; 0                ; 0                 ;
; ADCinterface|master_0|jtag_phy_embedded_in_jtag_master|normal.jtag_dc_streaming|jtag_streaming                                       ; 20    ; 1              ; 0            ; 1              ; 16     ; 1               ; 1             ; 1               ; 0     ; 0              ; 0            ; 0                ; 0                 ;
; ADCinterface|master_0|jtag_phy_embedded_in_jtag_master|normal.jtag_dc_streaming                                                      ; 19    ; 0              ; 0            ; 0              ; 16     ; 0               ; 0             ; 0               ; 0     ; 0              ; 0            ; 0                ; 0                 ;
; ADCinterface|master_0|jtag_phy_embedded_in_jtag_master|node                                                                          ; 4     ; 3              ; 0            ; 3              ; 8      ; 3               ; 3             ; 3               ; 0     ; 0              ; 0            ; 0                ; 0                 ;
; ADCinterface|master_0|jtag_phy_embedded_in_jtag_master                                                                               ; 38    ; 27             ; 0            ; 27             ; 11     ; 27              ; 27            ; 27              ; 0     ; 0              ; 0            ; 0                ; 0                 ;
; ADCinterface|master_0                                                                                                                ; 36    ; 0              ; 0            ; 0              ; 71     ; 0               ; 0             ; 0               ; 0     ; 0              ; 0            ; 0                ; 0                 ;
; ADCinterface|adcinterface_0                                                                                                          ; 47    ; 1              ; 14           ; 1              ; 45     ; 1               ; 1             ; 1               ; 0     ; 0              ; 0            ; 0                ; 0                 ;
; ADCinterface                                                                                                                         ; 23    ; 0              ; 0            ; 0              ; 29     ; 0               ; 0             ; 0               ; 0     ; 0              ; 0            ; 0                ; 0                 ;
+--------------------------------------------------------------------------------------------------------------------------------------+-------+----------------+--------------+----------------+--------+-----------------+---------------+-----------------+-------+----------------+--------------+------------------+-------------------+
